0.729310067085797 0.777996800064939 1
1.69055674030335 0.812078342041419 1
1.37671979544256 0.982473077528497 1
-2.23199108147512 -0.356269938196666 -1
0.606922997410442 0.406104798003796 1
-2.29870616156522 -0.363304496521797 -1
2.57929943341827 -1.60950911549878 -1
1.57877825680952 1.47910671811033 -1
2.46296336590853 -1.75933831421431 -1
2.49906972026097 1.29554716660227 -1
-1.97440713209768 0.0283991558841894 -1
-1.96289173327411 -0.0175911564477451 -1
0.688598571260554 0.515621587770918 1
1.4380936443224 1.06534458146394 -1
-2.05073885778301 -0.49665280081823 -1
-1.92550216693762 -0.0959046579948785 -1
-2.0097836480169 -0.279011707333687 -1
0.635074648454061 0.952059506843308 1
-2.11115922176663 -0.326358674607228 -1
2.81575628629179 1.15400857187740 -1
1.57152380450260 1.07941369811421 -1
1.99550883308619 -1.45137463526495 -1
-2.16420340357749 -2.66295003631913 -1
0.464378087385064 0.82408772167295 1
0.746914923765063 1.22180664068493 -1
-1.93072284965472 0.127414338873189 -1
0.452504677431703 0.73652880687015 1
-2.14248891767875 -0.396481885725925 -1
2.6241625264861 0.879775097863647 -1
2.77836177204043 -1.61855360591614 -1
-2.06724009364157 0.0984219055837363 -1
-2.30797366428942 -0.377273151752908 -1
1.60452431095988 -1.21187598037831 -1
0.562064852257487 0.767696263982044 1
-4.41130311830553 0.480040882411215 1
-5.12663399384823 0.430598051296998 1
0.674597813700992 0.635503691788916 1
-1.58671495202879 0.0864486527741513 -1
1.06405046198752 0.72306245873479 1
1.61508492149787 1.37064505117044 -1
0.929455307356095 0.799100475040332 1
1.17409181339079 0.695562972914186 1
2.37357549930109 -1.54084302074083 -1
3.17235361613066 1.46770025485062 -1
0.69585302356748 0.91531460776704 1
-2.18083822021569 -0.54053271963878 -1
2.84150234044215 -1.53697412661124 -1
-4.70463933124951 0.395410730000636 1
-1.90580216703800 -0.158074480488460 -1
-1.5996712636303 -0.0312584274214064 -1
0.736450222203793 0.999406474116848 1
1.49817176843392 -1.08063806959326 -1
-2.39675093756744 -0.440462265965625 -1
2.74727579006918 -1.73341093584432 -1
-1.90604588097887 -0.113340361678981 -1
2.36587832610676 -1.61413174819815 -1
2.31279712418767 -1.50409812166457 -1
3.21588019777973 -1.73018093705157 -1
1.32818170967106 0.869826602530856 1
-4.82772795531613 0.795957949985687 1
2.16410073098139 0.99391481604399 -1
1.94199872645334 1.46543944713667 -1
-2.20030337443321 -0.152597499943235 -1
-1.81285490830519 -0.0498138842437938 -1
0.558857219957664 0.605290896085102 1
0.872007729990192 0.806034571946313 1
1.76881185873347 -1.4395162256883 -1
-2.05073885778301 -0.49665280081823 -1
-2.5899997366606 -0.195422148079629 -1
-2.04777493942405 -0.289513314111809 -1
3.59040193973758 -1.10686753592993 -1
4.01501137782423 -1.43896411366605 -1
0.654530934412817 0.934623803159206 1
-2.05110573717156 -0.259702511941521 -1
-2.22569636536865 -0.178941253660532 -1
-2.01238955524607 -0.352601966905375 -1
-2.24788172400426 -0.0428796394808874 -1
1.41887220404574 1.40854568235001 -1
-2.19199560790946 -0.360993180172111 -1
1.09778080687803 1.17924739784097 1
2.14069810603082 -1.52802994975610 -1
-4.73263822941411 0.295476716711651 1
1.17111902677307 0.858923002219208 1
2.21704364788979 1.47739817027554 -1
1.71145393904005 0.95834003088481 1
-4.94132608189026 0.157003324763171 1
1.29708060813680 1.15627008330058 1
2.57585433848183 -1.7579816592727 -1
-1.68548461854936 0.112691945072299 -1
1.53709815652507 1.36486668636776 -1
-1.97179235660975 -0.268510100555566 -1
-2.38487752761407 -0.352903351162825 -1
2.09083340467031 -1.62609047133702 -1
1.11367144940717 0.865857099125189 1
1.53341821590652 0.890628745391873 -1
2.99868426844394 1.50308849898529 -1
-4.75542531312038 0.342723222566041 1
1.53991819026377 0.755485961512213 1
-4.96483805611488 0.307650892359536 1
1.33363098676601 1.00307429755121 1
